00000001111111111111111111000000
00000011111111111111101111100000
00000111111111111111111111100000
00000011111111111111111111110000
00000001111111111111111111100000
00100001111110111111111110000000
00000001111111111111111110000000
00000011111101111111111110010000
00000011111111111111111111000000
00000011111101111011111111000000
00000011111111111111111111000000
00000001111111010111111111000000
00000011111111111111111111000000
00000011111111111111111111000000
00000011111111111111111111000000
00000011111111111111111111000000
00000111111111111111101111000000
00000101111111111111101111000000
00000011110111111111111111000000
00000000011111111111111111000000
00000011111111111111111110000000
00000001111111111111111110000000
00000001111111111111111100000000
00000001111111111111111100000000
00000000001111111111111000000000
00000001111111111111111110000000
00011000111111111111011100000000
00000000111111111110111100000000
00000001101111111111111100000000
00000011011111111111111000000000
00000011111111111111111000000000
00000011111111111111111100000000
